000 = 84 256 40 36
001 = 416 235 32 35
002 = 574 76 24 36
003 = 466 207 32 34
004 = 202 406 32 37
005 = 286 323 32 37
006 = 278 363 32 36
007 = 362 293 32 35
008 = 320 332 32 35
009 = 270 403 32 35
010 = 482 161 26 35
011 = 336 253 32 38
012 = 214 34 40 31
013 = 406 41 48 31
014 = 304 404 32 31
015 = 236 406 32 36
016 = 510 145 24 32
017 = 210 256 40 30
018 = 0 439 40 31
019 = 84 366 40 31
020 = 422 344 32 30
021 = 600 85 24 30
022 = 438 278 32 31
023 = 702 0 24 30
024 = 676 0 24 32
025 = 126 256 40 34
026 = 312 369 32 33
027 = 236 444 32 35
028 = 354 332 32 34
029 = 126 327 40 31
030 = 42 378 40 32
031 = 0 472 40 30
032 = 42 412 40 31
033 = 232 169 48 32
034 = 202 445 32 36
035 = 566 117 24 32
036 = 270 440 32 32
037 = 450 243 32 33
038 = 562 152 24 29
039 = 670 128 24 17
040 = 694 225 16 16
041 = 806 0 24 17
042 = 608 18 32 14
043 = 536 282 24 15
044 = 596 327 16 15
045 = 498 329 24 14
046 = 232 203 32 11
047 = 578 220 24 16
048 = 406 467 32 25
049 = 388 342 32 31
050 = 642 14 24 33
051 = 304 437 32 31
052 = 338 404 32 31
053 = 182 70 8 6
054 = 832 26 8 8
055 = 364 498 16 9
056 = 834 62 16 11
057 = 544 405 16 11
058 = 560 331 16 19
059 = 704 83 24 18
060 = 668 34 24 13
061 = 668 250 16 16
062 = 642 276 16 16
063 = 878 45 16 16
064 = 578 349 16 15
065 = 562 259 24 15
066 = 536 241 24 19
067 = 702 32 24 24
068 = 506 72 32 19
069 = 484 243 24 25
070 = 440 488 16 15
071 = 802 126 16 15
072 = 382 498 16 9
073 = 828 96 16 15
074 = 338 498 24 9
075 = 524 314 24 9
076 = 832 15 24 9
077 = 666 181 24 9
078 = 490 358 24 9
079 = 524 325 24 9
080 = 722 122 24 9
081 = 640 212 24 9
082 = 562 290 24 9
083 = 614 239 24 9
084 = 696 158 24 9
085 = 722 133 24 9
086 = 252 305 40 13
087 = 316 238 48 13
088 = 456 146 48 13
089 = 366 237 48 13
090 = 124 176 56 17
091 = 780 0 24 19
092 = 406 494 16 13
093 = 668 268 16 13
094 = 508 428 16 13
095 = 526 411 16 13
096 = 844 77 16 13
097 = 644 141 24 19
098 = 506 25 32 22
099 = 592 117 24 30
100 = 536 185 24 29
101 = 540 117 24 33
102 = 756 94 16 33
103 = 608 50 24 33
104 = 58 247 24 7
105 = 84 247 24 7
106 = 374 155 24 7
107 = 482 198 24 7
108 = 816 36 24 7
109 = 666 192 24 7
110 = 306 0 48 65
111 = 0 320 40 44
112 = 216 216 48 32
113 = 42 256 40 46
114 = 244 363 32 38
115 = 0 366 40 35
116 = 306 109 48 33
117 = 84 331 40 33
118 = 266 240 48 14
119 = 406 74 48 29
120 = 298 144 48 31
121 = 432 186 48 19
122 = 432 164 48 20
123 = 382 164 48 23
124 = 456 64 48 27
125 = 382 189 48 23
126 = 210 288 40 27
127 = 42 342 40 34
128 = 730 90 24 14
129 = 508 411 16 15
130 = 678 107 24 19
131 = 578 329 16 18
132 = 758 154 16 18
133 = 790 41 24 12
134 = 614 167 24 19
135 = 790 77 16 25
136 = 588 177 24 21
137 = 526 216 24 23
138 = 696 169 16 27
139 = 792 104 16 20
140 = 542 336 16 23
141 = 658 227 16 21
142 = 696 145 24 11
143 = 588 255 24 11
144 = 884 0 16 22
145 = 684 201 16 22
146 = 860 36 16 19
147 = 560 352 16 18
148 = 784 127 16 18
149 = 594 306 16 19
150 = 238 0 16 29
151 = 632 253 16 21
152 = 482 374 16 28
153 = 348 155 24 20
154 = 614 208 24 15
155 = 776 152 16 15
156 = 536 366 16 19
157 = 714 172 16 21
158 = 774 104 16 21
159 = 644 162 24 17
160 = 640 198 24 12
161 = 832 0 24 13
162 = 670 165 24 13
163 = 704 103 24 17
164 = 618 143 24 22
165 = 914 21 16 13
166 = 536 387 16 16
167 = 666 201 16 24
168 = 896 24 16 17
169 = 490 345 24 11
170 = 748 129 16 23
171 = 588 200 24 18
172 = 696 128 24 15
173 = 640 181 24 15
174 = 806 19 24 15
175 = 902 0 16 19
176 = 510 268 24 20
177 = 810 101 16 18
178 = 232 140 8 23
179 = 576 306 16 21
180 = 732 175 16 18
181 = 896 43 16 12
182 = 596 344 16 12
183 = 828 113 16 12
184 = 510 243 24 23
185 = 860 57 16 18
186 = 750 175 16 16
187 = 630 301 16 14
188 = 808 77 16 22
189 = 118 494 32 13
190 = 498 311 24 16
191 = 738 52 24 18
192 = 938 0 16 13
193 = 764 65 24 14
194 = 740 154 16 19
195 = 858 9 16 25
196 = 774 201 8 22
197 = 862 77 16 13
198 = 826 75 16 19
199 = 738 72 24 16
200 = 536 262 24 18
201 = 532 299 24 13
202 = 554 372 16 15
203 = 524 336 16 28
204 = 720 215 16 14
205 = 500 369 16 24
206 = 506 290 24 18
207 = 84 487 32 20
208 = 506 93 32 17
209 = 864 92 16 11
210 = 588 278 16 26
211 = 780 21 24 18
212 = 730 106 24 13
213 = 562 276 24 12
214 = 738 195 16 15
215 = 676 227 16 19
216 = 702 198 16 19
217 = 650 253 16 19
218 = 624 280 16 19
219 = 518 390 16 19
220 = 764 47 24 16
221 = 644 117 24 22
222 = 612 303 16 18
223 = 670 147 24 16
224 = 878 63 16 12
225 = 614 323 16 12
226 = 956 0 16 11
227 = 540 68 32 16
228 = 84 457 40 14
229 = 168 375 40 14
230 = 210 337 40 14
231 = 540 86 32 14
232 = 540 102 32 13
233 = 720 195 16 18
234 = 920 0 16 18
235 = 614 188 24 18
236 = 252 320 32 41
237 = 338 437 32 29
238 = 754 25 24 20
239 = 126 292 40 33
240 = 456 93 48 26
241 = 880 77 16 11
242 = 572 386 16 11
243 = 794 157 16 11
244 = 786 170 16 11
245 = 730 231 16 11
246 = 820 141 16 11
247 = 544 418 16 11
248 = 590 372 16 11
249 = 704 259 16 11
250 = 756 207 16 11
251 = 632 331 16 11
252 = 666 297 16 11
253 = 914 50 16 11
254 = 686 278 16 11
255 = 838 127 16 11
256 = 614 351 16 11
257 = 508 457 16 11
258 = 526 440 16 11
259 = 932 29 16 11
260 = 650 310 16 11
261 = 562 403 16 11
262 = 774 188 16 11
263 = 722 245 16 11
264 = 812 157 16 11
265 = 864 105 16 11
266 = 956 13 16 11
267 = 650 323 16 11
268 = 842 26 8 8
269 = 804 170 16 11
270 = 604 220 8 11
271 = 282 169 8 5
272 = 68 502 8 5
273 = 846 92 16 12
274 = 306 67 48 40
275 = 132 112 56 30
276 = 256 72 48 48
277 = 210 353 32 51
278 = 182 144 48 70
279 = 256 0 48 70
280 = 252 256 40 27
281 = 356 124 48 29
282 = 190 124 56 14
283 = 554 389 16 12
284 = 768 174 16 12
285 = 572 372 16 12
286 = 802 143 16 12
287 = 648 294 16 12
288 = 686 264 16 12
289 = 914 36 16 12
290 = 738 212 16 12
291 = 666 283 16 12
292 = 508 443 16 12
293 = 614 337 16 12
294 = 712 231 16 12
295 = 756 193 16 12
296 = 846 106 16 12
297 = 526 426 16 12
298 = 704 245 16 12
299 = 506 49 32 21
300 = 424 494 8 10
301 = 938 15 16 12
302 = 896 57 16 12
303 = 596 358 16 12
304 = 148 37 64 31
305 = 608 0 32 16
306 = 458 488 8 10
307 = 366 214 48 21
308 = 820 127 16 12
309 = 404 252 8 12
310 = 632 317 16 12
311 = 722 144 16 26
312 = 618 117 24 24
313 = 372 408 32 29
314 = 660 49 24 30
315 = 414 376 32 29
316 = 356 48 48 40
317 = 540 47 32 19
318 = 440 435 32 25
319 = 500 213 24 28
320 = 574 60 32 14
321 = 574 43 32 15
322 = 506 129 32 14
323 = 506 112 32 15
324 = 816 45 16 28
325 = 558 301 16 28
326 = 640 223 16 28
327 = 614 250 16 28
328 = 552 216 24 21
329 = 728 0 24 25
330 = 474 432 32 23
331 = 474 457 32 23
332 = 634 50 24 32
333 = 626 85 24 30
334 = 540 0 32 22
335 = 294 256 40 14
336 = 84 473 40 12
337 = 588 238 24 15
338 = 152 494 32 11
339 = 712 58 24 21
340 = 932 42 16 10
341 = 500 395 16 9
342 = 590 385 8 10
343 = 974 0 16 10
344 = 882 90 16 10
345 = 858 0 24 7
346 = 686 248 16 14
347 = 614 225 24 12
348 = 764 81 24 11
349 = 42 445 40 29
350 = 456 344 32 28
351 = 338 468 32 28
352 = 84 431 40 24
353 = 42 304 40 36
354 = 168 290 40 31
355 = 510 179 24 32
356 = 270 474 32 31
357 = 430 311 32 31
358 = 472 278 32 31
359 = 606 280 16 21
360 = 766 129 16 21
361 = 842 36 16 24
362 = 652 84 24 24
363 = 168 353 40 20
364 = 210 317 40 18
365 = 372 439 32 28
366 = 432 207 8 5
367 = 790 68 24 7
368 = 642 0 32 12
369 = 540 24 32 21
370 = 484 270 24 6
371 = 588 268 24 8
372 = 678 83 24 22
373 = 406 408 32 28
374 = 536 152 24 31
375 = 84 399 40 30
376 = 236 481 32 26
377 = 574 22 32 19
378 = 878 24 16 19
379 = 562 239 24 18
380 = 790 55 24 11
381 = 42 502 24 5
382 = 316 209 48 27
383 = 266 209 48 29
384 = 116 213 48 41
385 = 356 90 48 32
386 = 106 37 32 3
387 = 148 70 32 5
388 = 168 391 40 11
389 = 416 214 48 19
390 = 198 70 56 27
391 = 66 79 64 32
392 = 132 79 64 31
393 = 0 122 64 31
394 = 172 0 64 32
395 = 406 0 48 39
396 = 456 33 48 29
397 = 282 177 48 30
398 = 406 135 48 27
399 = 82 43 64 34
400 = 66 142 56 36
401 = 168 256 40 32
402 = 106 0 64 35
403 = 0 77 64 43
404 = 0 185 56 45
405 = 160 454 32 37
406 = 370 252 32 37
407 = 404 272 32 34
408 = 328 293 32 37
409 = 356 0 48 46
410 = 248 124 48 43
411 = 124 144 56 30
412 = 168 323 40 28
413 = 42 476 40 24
414 = 116 195 56 16
415 = 294 272 32 49
416 = 126 433 32 59
417 = 168 404 32 48
418 = 58 185 56 34
419 = 66 113 64 27
420 = 304 470 32 30
421 = 448 376 32 28
422 = 396 308 32 32
423 = 126 392 40 21
424 = 346 369 32 32
425 = 380 375 32 31
426 = 464 311 32 30
427 = 332 177 48 28
428 = 0 43 80 32
429 = 126 360 40 30
430 = 84 294 40 35
431 = 0 256 40 62
432 = 0 232 56 22
433 = 58 221 56 24
434 = 198 99 56 23
435 = 126 415 40 16
436 = 252 285 40 18
437 = 608 34 32 14
438 = 0 0 104 41
439 = 518 366 16 22
440 = 754 0 24 23
441 = 728 27 24 23
442 = 686 58 24 23
443 = 474 482 32 23
444 = 588 151 24 24
445 = 194 483 32 24
446 = 474 406 32 24
447 = 506 0 32 23
448 = 372 469 32 27
449 = 406 438 32 27
450 = 440 462 32 24
451 = 562 183 24 24
452 = 574 0 32 20
453 = 406 105 48 28
454 = 0 155 64 28
455 = 456 0 48 31
456 = 166 216 48 38
457 = 0 403 40 34
458 = 440 407 32 26
459 = 456 121 48 23
